Draw Date	#1	#2	#3	#4	#5	#PB
January 01, 2000	9	13	23	36	45	39
January 05, 2000	5	15	16	28	32	39
January 08, 2000	7	28	35	40	48	14
January 12, 2000	9	32	38	41	44	27
January 15, 2000	1	6	21	33	40	28
January 19, 2000	12	31	35	37	44	34
January 22, 2000	4	16	32	34	41	25
January 26, 2000	18	25	30	43	46	18
January 29, 2000	6	8	28	32	47	26
February 02, 2000	6	10	12	16	29	33
February 05, 2000	6	11	34	41	44	20
February 09, 2000	5	29	36	40	49	30
February 12, 2000	21	24	37	44	45	24
February 16, 2000	9	10	12	31	41	37
February 19, 2000	14	23	24	45	48	21
February 23, 2000	12	16	20	26	32	35
February 26, 2000	7	9	23	37	49	7
March 01, 2000	21	22	29	30	38	39
March 04, 2000	3	6	8	43	48	1
March 08, 2000	11	14	17	25	36	38
March 11, 2000	2	11	23	28	31	39
March 15, 2000	14	15	19	38	44	20
March 18, 2000	12	30	39	43	46	10
March 22, 2000	3	12	30	41	46	32
March 25, 2000	6	30	43	45	48	32
March 29, 2000	12	32	37	40	49	37
April 01, 2000	3	4	13	29	38	21
April 05, 2000	6	8	11	18	39	40
April 08, 2000	4	9	12	33	48	18
April 12, 2000	4	6	20	25	31	6
April 15, 2000	15	26	28	40	48	9
April 19, 2000	3	8	9	20	49	22
April 22, 2000	3	5	9	42	48	35
April 26, 2000	5	10	17	24	37	15
April 29, 2000	12	14	26	35	36	37
May 03, 2000	5	13	34	41	48	7
May 06, 2000	4	27	29	39	41	16
May 10, 2000	8	18	20	31	47	11
May 13, 2000	1	3	27	38	42	24
May 17, 2000	16	17	20	28	49	34
May 20, 2000	5	17	40	44	48	26
May 24, 2000	7	19	43	46	47	4
May 27, 2000	2	22	29	30	44	36
May 31, 2000	15	16	22	42	43	11
June 03, 2000	13	14	15	31	37	10
June 07, 2000	19	39	45	46	49	17
June 10, 2000	2	16	32	40	47	15
June 14, 2000	21	23	32	34	42	5
June 17, 2000	6	15	25	44	47	7
June 21, 2000	1	24	27	28	43	25
June 24, 2000	2	13	26	27	49	4
June 28, 2000	13	24	27	30	45	18
July 01, 2000	13	14	22	32	42	26
July 05, 2000	10	14	18	32	33	2
July 08, 2000	2	7	10	34	39	12
July 12, 2000	6	9	10	26	48	10
July 15, 2000	5	8	21	46	49	34
July 19, 2000	5	8	18	36	38	40
July 22, 2000	2	12	15	33	41	33
July 26, 2000	3	20	22	37	44	36
July 29, 2000	11	24	26	38	41	7
August 02, 2000	12	27	33	42	49	31
August 05, 2000	13	28	32	33	38	14
August 09, 2000	11	17	18	19	28	34
August 12, 2000	6	31	38	46	47	21
August 16, 2000	15	16	27	44	47	14
August 19, 2000	10	13	17	23	36	23
August 23, 2000	20	28	40	43	47	31
August 26, 2000	16	22	27	40	43	5
August 30, 2000	4	25	29	36	46	8
September 02, 2000	5	14	20	22	26	35
September 06, 2000	4	6	12	28	42	6
September 09, 2000	14	18	20	29	42	2
September 13, 2000	2	13	21	22	47	31
September 16, 2000	1	19	40	47	49	14
September 20, 2000	17	21	23	33	45	11
September 23, 2000	1	17	27	35	36	31
September 27, 2000	24	32	42	44	47	15
September 30, 2000	19	24	32	43	44	39
October 04, 2000	3	16	24	34	48	3
October 07, 2000	4	7	27	34	39	1
October 11, 2000	26	32	41	44	45	35
October 14, 2000	14	16	18	22	41	37
October 18, 2000	17	21	28	42	43	25
October 21, 2000	13	19	24	44	45	16
October 25, 2000	3	5	20	45	46	37
October 28, 2000	6	11	32	37	47	13
November 01, 2000	4	10	14	29	39	10
November 04, 2000	5	9	22	34	42	2
November 08, 2000	13	17	37	45	49	4
November 11, 2000	4	12	21	38	46	37
November 15, 2000	12	26	32	41	46	18
November 18, 2000	3	27	31	32	41	33
November 22, 2000	5	18	40	44	47	34
November 25, 2000	2	37	38	39	42	22
November 29, 2000	1	4	20	27	29	17
December 02, 2000	11	14	22	38	41	39
December 06, 2000	7	15	20	23	45	17
December 09, 2000	8	10	14	41	42	20
December 13, 2000	6	10	19	38	43	41
December 16, 2000	2	26	33	34	39	23
December 20, 2000	4	7	31	34	41	28
December 23, 2000	6	11	15	22	27	27
December 27, 2000	15	22	24	32	39	18
December 30, 2000	23	26	29	38	46	35
January 03, 2001	9	19	29	38	49	20
January 06, 2001	1	22	24	39	43	26
January 10, 2001	6	9	22	23	35	6
January 13, 2001	14	19	23	29	42	26
January 17, 2001	9	16	28	31	48	36
January 20, 2001	1	11	25	29	36	40
January 24, 2001	31	34	39	42	49	26
January 27, 2001	8	19	32	41	45	37
January 31, 2001	15	21	27	37	47	16
February 03, 2001	21	27	29	41	44	9
February 07, 2001	4	6	7	31	33	20
February 10, 2001	16	38	41	46	47	25
February 14, 2001	5	18	29	41	42	16
February 17, 2001	4	22	31	39	41	6
February 21, 2001	4	10	32	39	45	25
February 24, 2001	29	30	34	41	49	37
February 28, 2001	1	3	9	46	47	22
March 03, 2001	8	9	23	36	44	15
March 07, 2001	9	23	32	40	45	31
March 10, 2001	12	19	26	30	33	11
March 14, 2001	12	22	27	42	49	34
March 17, 2001	15	16	18	20	36	18
March 21, 2001	13	14	18	20	21	16
March 24, 2001	2	28	37	40	49	22
March 28, 2001	4	12	27	31	43	20
March 31, 2001	11	27	37	39	41	42
April 04, 2001	5	12	13	16	43	11
April 07, 2001	18	20	31	37	41	1
April 11, 2001	4	21	32	39	41	31
April 14, 2001	3	8	16	29	30	4
April 18, 2001	6	11	18	20	44	39
April 21, 2001	5	24	25	30	38	40
April 25, 2001	14	26	28	29	39	39
April 28, 2001	1	11	20	34	39	37
May 02, 2001	2	19	30	36	42	19
May 05, 2001	7	9	19	20	45	5
May 09, 2001	9	14	19	22	49	34
May 12, 2001	11	16	28	29	36	21
May 16, 2001	12	13	20	28	44	17
May 19, 2001	6	10	21	47	49	2
May 23, 2001	19	21	32	34	49	38
May 26, 2001	9	10	21	24	40	36
May 30, 2001	11	12	28	36	43	9
June 02, 2001	10	17	26	45	48	38
June 06, 2001	10	20	21	40	45	22
June 09, 2001	20	23	37	42	43	27
June 13, 2001	9	32	34	36	41	14
June 16, 2001	2	13	17	44	45	14
June 20, 2001	5	9	14	18	49	32
June 23, 2001	6	35	38	40	42	36
June 27, 2001	3	7	13	16	35	22
June 30, 2001	3	6	33	34	39	15
July 04, 2001	30	25	3	28	26	10
July 07, 2001	3	9	22	34	46	17
July 11, 2001	10	16	18	24	26	13
July 14, 2001	1	13	15	27	41	2
July 18, 2001	4	9	26	31	49	2
July 21, 2001	3	15	19	20	27	20
July 25, 2001	16	23	29	37	39	17
July 28, 2001	4	23	33	36	45	29
August 01, 2001	24	25	26	34	39	31
August 04, 2001	16	20	24	26	46	9
August 08, 2001	2	10	25	37	41	2
August 11, 2001	11	14	20	25	41	8
August 15, 2001	29	37	40	43	44	6
August 18, 2001	3	14	20	22	48	17
August 22, 2001	2	28	30	36	39	10
August 25, 2001	8	17	22	42	47	21
August 29, 2001	4	9	32	35	49	28
September 01, 2001	7	24	27	30	44	29
September 05, 2001	14	18	24	33	42	8
September 08, 2001	6	12	13	28	48	26
September 12, 2001	13	25	35	39	47	1
September 15, 2001	19	28	33	43	49	23
September 19, 2001	21	26	28	31	41	29
September 22, 2001	23	27	34	39	42	40
September 26, 2001	18	26	30	35	44	19
September 29, 2001	2	15	21	29	47	12
October 03, 2001	2	20	23	35	49	25
October 06, 2001	1	5	9	21	31	12
October 10, 2001	1	7	8	16	19	37
October 13, 2001	37	40	41	46	48	20
October 17, 2001	5	7	29	40	46	5
October 20, 2001	7	16	33	40	47	33
October 24, 2001	6	15	24	27	42	32
October 27, 2001	1	10	17	28	45	20
October 31, 2001	2	16	18	35	40	41
November 03, 2001	6	14	36	37	49	20
November 07, 2001	2	4	6	17	25	31
November 10, 2001	7	13	16	33	38	13
November 14, 2001	4	17	28	30	40	3
November 17, 2001	1	7	10	27	35	34
November 21, 2001	27	28	31	38	41	13
November 24, 2001	10	12	27	37	42	30
November 28, 2001	5	15	18	24	48	16
December 01, 2001	6	38	41	46	48	37
December 05, 2001	8	9	13	14	21	37
December 08, 2001	17	26	31	35	48	35
December 12, 2001	4	20	35	43	47	27
December 15, 2001	8	11	13	22	37	17
December 19, 2001	20	26	35	36	43	23
December 22, 2001	14	24	27	33	34	6
December 26, 2001	8	19	23	39	41	21
December 29, 2001	10	15	27	43	45	31
January 02, 2002	23	36	42	44	46	33
January 05, 2002	7	8	14	17	32	15
January 09, 2002	7	39	40	42	43	4
January 12, 2002	13	19	22	41	47	5
January 16, 2002	24	31	34	40	47	30
January 19, 2002	21	23	35	41	49	5
January 23, 2002	14	18	30	32	47	36
January 26, 2002	5	14	15	22	30	31
January 30, 2002	7	9	15	21	40	18
February 02, 2002	12	19	27	43	45	28
February 06, 2002	10	24	28	34	35	32
February 09, 2002	17	21	30	35	36	12
February 13, 2002	2	10	33	38	43	19
February 16, 2002	19	31	32	42	45	6
February 20, 2002	8	9	19	22	25	11
February 23, 2002	8	15	19	21	38	33
February 27, 2002	1	2	6	19	45	27
March 02, 2002	6	22	25	36	46	34
March 06, 2002	5	7	15	30	38	2
March 09, 2002	2	12	38	44	49	19
March 13, 2002	4	27	28	33	49	39
March 16, 2002	10	16	37	38	45	14
March 20, 2002	4	20	25	30	49	37
March 23, 2002	1	2	10	39	48	13
March 27, 2002	15	35	40	43	46	33
March 30, 2002	8	13	16	19	29	37
April 03, 2002	8	14	17	29	36	3
April 06, 2002	15	16	22	30	35	20
April 10, 2002	7	12	17	29	48	21
April 13, 2002	16	22	32	33	38	13
April 17, 2002	2	3	22	23	36	22
April 20, 2002	27	34	40	42	44	8
April 24, 2002	1	13	16	33	43	1
April 27, 2002	1	9	12	18	33	14
May 01, 2002	3	26	32	45	48	6
May 04, 2002	6	7	9	12	20	20
May 08, 2002	6	11	25	28	34	35
May 11, 2002	3	15	16	36	40	22
May 15, 2002	30	33	36	37	49	35
May 18, 2002	2	18	25	31	32	1
May 22, 2002	5	20	22	23	34	19
May 25, 2002	9	29	30	33	42	27
May 29, 2002	18	28	31	35	49	13
June 01, 2002	2	6	17	19	27	2
June 05, 2002	1	18	21	36	47	33
June 08, 2002	26	37	42	46	48	38
June 12, 2002	13	18	27	39	49	20
June 15, 2002	7	8	16	42	43	15
June 19, 2002	1	3	4	7	11	23
June 22, 2002	1	16	26	37	48	9
June 26, 2002	6	9	17	23	24	14
June 29, 2002	4	33	35	36	45	22
July 03, 2002	7	19	38	48	49	10
July 06, 2002	2	9	27	36	39	13
July 10, 2002	26	31	37	43	45	32
July 13, 2002	3	22	37	42	49	8
July 17, 2002	10	11	25	40	45	25
July 20, 2002	2	3	6	13	26	10
July 24, 2002	16	19	22	34	37	20
July 27, 2002	2	5	17	22	44	30
July 31, 2002	2	4	6	22	34	26
August 03, 2002	13	19	24	33	34	41
August 07, 2002	13	35	40	46	47	35
August 10, 2002	11	16	21	27	35	31
August 14, 2002	4	16	19	33	41	29
August 17, 2002	3	26	33	42	46	41
August 21, 2002	1	6	43	47	48	36
August 24, 2002	5	10	18	24	45	20
August 28, 2002	24	30	36	37	38	42
August 31, 2002	12	14	22	29	41	41
September 04, 2002	15	18	26	31	36	20
September 07, 2002	6	12	19	24	34	18
September 11, 2002	3	6	26	39	48	28
September 14, 2002	5	14	26	31	40	29
September 18, 2002	6	27	32	42	44	10
September 21, 2002	3	11	28	40	45	33
September 25, 2002	1	12	23	36	49	9
September 28, 2002	12	22	24	31	35	8
October 02, 2002	2	4	5	38	43	34
October 05, 2002	14	19	22	39	43	12
October 09, 2002	9	10	38	42	43	5
October 12, 2002	23	26	46	49	52	28
October 16, 2002	8	11	24	31	37	41
October 19, 2002	4	18	20	25	42	29
October 23, 2002	2	14	18	30	31	36
October 26, 2002	12	14	27	33	39	41
October 30, 2002	9	16	19	23	41	12
November 02, 2002	8	15	32	34	35	34
November 06, 2002	9	11	12	17	19	23
November 09, 2002	30	36	38	40	53	8
November 13, 2002	18	23	31	38	50	20
November 16, 2002	32	33	35	40	51	1
November 20, 2002	14	21	22	29	44	3
November 23, 2002	15	16	19	21	49	5
November 27, 2002	1	20	25	40	53	19
November 30, 2002	1	4	19	21	29	8
December 04, 2002	13	20	21	35	40	35
December 07, 2002	3	17	27	32	48	1
December 11, 2002	6	12	14	22	33	21
December 14, 2002	8	17	24	42	44	37
December 18, 2002	2	14	33	50	52	22
December 21, 2002	5	22	34	39	52	30
December 25, 2002	5	14	16	29	53	7
December 28, 2002	2	15	38	43	50	29
January 01, 2003	18	34	42	43	53	17
January 04, 2003	1	11	37	39	40	23
January 08, 2003	16	22	26	44	46	20
January 11, 2003	9	45	46	48	51	2
January 15, 2003	4	17	30	42	44	15
January 18, 2003	4	17	34	48	52	10
January 22, 2003	20	28	30	40	43	3
January 25, 2003	10	12	15	49	51	21
January 29, 2003	10	12	27	30	53	28
February 01, 2003	2	11	16	21	39	42
February 05, 2003	2	5	7	9	48	32
February 08, 2003	2	13	20	21	23	35
February 12, 2003	7	12	19	47	49	6
February 15, 2003	1	26	29	38	42	30
February 19, 2003	6	11	16	17	44	26
February 22, 2003	2	5	6	9	10	26
February 26, 2003	10	23	27	31	34	11
March 01, 2003	6	7	27	28	41	3
March 05, 2003	2	24	28	37	44	6
March 08, 2003	1	5	20	21	45	24
March 12, 2003	5	24	25	44	52	20
March 15, 2003	12	30	41	45	52	35
March 19, 2003	19	37	40	47	51	40
March 22, 2003	5	29	31	47	49	25
March 26, 2003	10	28	31	40	52	41
March 29, 2003	2	9	17	25	36	8
April 02, 2003	12	17	35	47	50	13
April 05, 2003	7	14	23	46	49	20
April 09, 2003	6	28	35	38	51	41
April 12, 2003	17	27	28	35	52	2
April 16, 2003	4	25	39	41	50	31
April 19, 2003	10	18	40	46	48	30
April 23, 2003	14	15	23	31	51	34
April 26, 2003	5	11	13	22	36	31
April 30, 2003	7	13	17	32	33	35
May 03, 2003	14	21	39	40	47	6
May 07, 2003	13	18	34	35	51	28
May 10, 2003	1	2	6	10	20	38
May 14, 2003	20	33	34	45	52	21
May 17, 2003	5	13	18	42	50	4
May 21, 2003	4	30	32	35	41	9
May 24, 2003	10	42	48	49	50	42
May 28, 2003	6	16	17	19	38	16
May 31, 2003	10	26	30	46	52	35
June 04, 2003	2	14	24	26	53	1
June 07, 2003	11	17	26	27	40	6
June 11, 2003	12	16	43	44	46	38
June 14, 2003	12	26	40	42	50	3
June 18, 2003	19	20	21	45	46	20
June 21, 2003	15	19	27	36	44	17
June 25, 2003	5	26	35	43	50	4
June 28, 2003	7	9	14	41	44	25
July 02, 2003	16	17	24	26	45	36
July 05, 2003	5	17	25	37	49	21
July 09, 2003	19	21	26	31	51	40
July 12, 2003	6	16	50	51	52	23
July 16, 2003	18	27	28	30	49	20
July 19, 2003	14	29	30	34	48	1
July 23, 2003	4	16	34	37	51	38
July 26, 2003	9	10	30	32	34	11
July 30, 2003	18	22	26	31	49	28
August 02, 2003	17	40	41	42	46	25
August 06, 2003	11	14	26	31	48	30
August 09, 2003	18	23	25	26	40	15
August 13, 2003	26	31	35	44	48	32
August 16, 2003	13	15	20	37	42	7
August 20, 2003	8	22	35	46	48	15
August 23, 2003	1	39	46	50	51	7
August 27, 2003	24	31	36	42	46	32
August 30, 2003	9	35	36	41	49	33
September 03, 2003	6	9	19	24	40	31
September 06, 2003	6	15	18	20	41	17
September 10, 2003	3	17	29	30	33	34
September 13, 2003	6	10	19	28	32	39
September 17, 2003	2	19	24	32	34	2
September 20, 2003	11	13	28	31	33	29
September 24, 2003	17	19	20	28	47	37
September 27, 2003	9	20	30	41	48	29
October 01, 2003	4	5	19	21	50	41
October 04, 2003	8	13	29	44	48	36
October 08, 2003	1	6	7	8	25	18
October 11, 2003	11	14	21	32	45	21
October 15, 2003	6	9	29	39	52	8
October 18, 2003	22	25	33	34	35	14
October 22, 2003	3	25	27	28	53	35
October 25, 2003	6	17	45	47	48	4
October 29, 2003	8	19	22	34	53	29
November 01, 2003	16	19	34	37	47	18
November 05, 2003	6	20	27	38	39	31
November 08, 2003	5	8	24	38	52	22
November 12, 2003	7	11	19	20	22	1
November 15, 2003	8	20	22	32	52	39
November 19, 2003	16	26	36	42	47	33
November 22, 2003	9	12	17	29	45	4
November 26, 2003	1	3	16	37	41	19
November 29, 2003	14	36	39	43	51	15
December 03, 2003	1	10	35	37	43	30
December 06, 2003	21	24	37	41	45	39
December 10, 2003	4	17	26	37	40	15
December 13, 2003	17	19	25	26	44	19
December 17, 2003	15	18	19	21	43	7
December 20, 2003	12	20	24	25	48	37
December 24, 2003	1	6	31	34	44	25
December 27, 2003	16	17	32	34	43	31
December 31, 2003	5	7	18	28	35	1
January 03, 2004	4	5	22	41	42	2
January 07, 2004	4	7	14	18	44	25
January 10, 2004	2	13	19	27	50	5
January 14, 2004	12	33	40	44	50	40
January 17, 2004	8	9	32	45	48	15
January 21, 2004	13	17	34	41	45	17
January 24, 2004	1	5	37	38	53	31
January 28, 2004	8	13	17	39	48	34
January 31, 2004	3	6	27	37	41	38
February 04, 2004	7	12	17	25	32	33
February 07, 2004	31	34	35	39	46	3
February 11, 2004	5	16	28	50	52	4
February 14, 2004	10	24	25	35	43	32
February 18, 2004	4	24	36	44	50	2
February 21, 2004	15	22	26	48	53	14
February 25, 2004	4	5	11	17	47	35
February 28, 2004	6	25	26	52	53	40
March 03, 2004	5	11	17	23	53	34
March 06, 2004	9	17	46	49	51	9
March 10, 2004	10	20	22	41	49	6
March 13, 2004	11	44	45	48	50	2
March 17, 2004	7	15	20	24	43	5
March 20, 2004	2	14	24	27	44	6
March 24, 2004	18	20	39	43	47	31
March 27, 2004	2	15	17	30	34	32
March 31, 2004	15	31	34	39	50	35
April 03, 2004	6	7	26	32	43	13
April 07, 2004	2	7	16	35	37	10
April 10, 2004	2	9	30	47	48	40
April 14, 2004	1	6	20	22	38	22
April 17, 2004	4	29	34	41	42	11
April 21, 2004	8	11	34	42	51	27
April 24, 2004	2	13	22	35	44	28
April 28, 2004	27	34	42	49	52	23
May 01, 2004	1	10	34	39	47	33
May 05, 2004	9	16	21	25	32	8
May 08, 2004	3	9	17	37	43	39
May 12, 2004	11	31	35	42	45	35
May 15, 2004	1	26	27	43	46	31
May 19, 2004	14	15	31	37	41	31
May 22, 2004	1	7	36	42	49	41
May 26, 2004	3	10	31	35	38	16
May 29, 2004	1	16	30	32	39	2
June 02, 2004	5	6	12	26	29	30
June 05, 2004	5	26	39	41	42	39
June 09, 2004	1	31	33	37	50	40
June 12, 2004	6	20	43	48	52	28
June 16, 2004	16	18	26	39	48	22
June 19, 2004	2	9	36	37	48	16
June 23, 2004	9	12	16	20	39	1
June 26, 2004	9	17	32	41	47	8
June 30, 2004	2	29	31	45	47	4
July 03, 2004	3	8	12	30	47	23
July 07, 2004	18	25	30	34	41	10
July 10, 2004	16	17	23	26	44	13
July 14, 2004	9	24	45	49	50	37
July 17, 2004	20	23	36	45	50	9
July 21, 2004	3	31	38	42	46	2
July 24, 2004	2	3	13	29	52	25
July 28, 2004	4	19	39	40	50	22
July 31, 2004	14	31	35	45	47	35
August 04, 2004	11	22	26	37	51	21
August 07, 2004	8	9	16	34	48	8
August 11, 2004	5	10	29	33	51	35
August 14, 2004	4	10	11	18	43	41
August 18, 2004	31	33	35	40	42	40
August 21, 2004	3	16	27	39	40	3
August 25, 2004	1	30	32	37	50	19
August 28, 2004	6	30	35	39	45	31
September 01, 2004	31	33	44	45	51	31
September 04, 2004	13	15	25	26	46	28
September 08, 2004	2	4	28	33	52	18
September 11, 2004	25	34	36	46	49	9
September 15, 2004	1	8	17	28	50	20
September 18, 2004	2	14	27	31	36	9
September 22, 2004	6	14	34	37	40	7
September 25, 2004	11	25	40	41	48	3
September 29, 2004	16	28	33	35	37	17
October 02, 2004	2	13	29	32	35	4
October 06, 2004	5	6	19	44	50	28
October 09, 2004	1	3	10	47	48	27
October 13, 2004	5	14	17	45	46	41
October 16, 2004	5	20	22	36	42	11
October 20, 2004	1	11	17	41	46	24
October 23, 2004	15	24	49	50	52	40
October 27, 2004	11	17	40	44	51	21
October 30, 2004	20	27	30	40	48	11
November 03, 2004	11	35	43	45	48	42
November 06, 2004	18	22	33	38	40	19
November 10, 2004	14	21	29	43	45	26
November 13, 2004	5	6	26	33	34	13
November 17, 2004	15	25	31	36	46	37
November 20, 2004	4	29	45	48	50	1
November 24, 2004	3	19	47	49	53	4
November 27, 2004	16	28	35	36	47	31
December 01, 2004	3	28	36	38	44	1
December 04, 2004	6	9	16	22	30	4
December 08, 2004	13	17	35	45	50	2
December 11, 2004	6	7	16	41	53	23
December 15, 2004	1	6	11	38	53	11
December 18, 2004	1	25	29	30	45	12
December 22, 2004	2	7	11	24	31	18
December 25, 2004	29	32	39	45	53	16
December 29, 2004	24	29	33	38	44	7
January 01, 2005	22	23	26	44	47	12
January 05, 2005	4	7	10	30	37	37
January 08, 2005	9	11	22	24	43	2
January 12, 2005	21	23	27	38	50	38
January 15, 2005	21	26	37	49	51	25
January 19, 2005	9	18	32	33	49	27
January 22, 2005	11	23	32	33	34	38
January 26, 2005	5	32	43	47	48	33
January 29, 2005	11	16	20	29	41	12
February 02, 2005	10	11	16	40	44	2
February 05, 2005	11	34	37	44	47	23
February 09, 2005	9	10	15	18	29	9
February 12, 2005	18	21	28	49	50	16
February 16, 2005	21	25	27	41	48	25
February 19, 2005	12	15	18	27	52	36
February 23, 2005	4	10	15	48	51	13
February 26, 2005	8	22	30	33	49	6
March 02, 2005	3	10	18	46	48	8
March 05, 2005	9	13	27	40	53	28
March 09, 2005	10	17	20	23	45	31
March 12, 2005	7	23	40	46	52	41
March 16, 2005	11	19	25	38	50	35
March 19, 2005	1	21	28	32	41	9
March 23, 2005	23	29	37	40	45	38
March 26, 2005	9	12	35	41	51	36
March 30, 2005	22	28	32	33	39	42
April 02, 2005	5	9	11	17	46	39
April 06, 2005	5	11	14	22	51	17
April 09, 2005	1	11	35	46	53	29
April 13, 2005	6	13	37	51	52	25
April 16, 2005	11	38	44	45	51	41
April 20, 2005	7	16	33	34	46	27
April 23, 2005	8	9	13	15	50	9
April 27, 2005	11	13	18	32	42	4
April 30, 2005	8	15	17	32	48	24
May 04, 2005	10	21	27	33	40	2
May 07, 2005	21	23	39	44	47	19
May 11, 2005	5	25	46	48	49	6
May 14, 2005	21	29	38	49	52	42
May 18, 2005	7	13	17	20	35	35
May 21, 2005	2	5	7	10	30	23
May 25, 2005	27	29	31	42	46	33
May 28, 2005	5	7	24	28	39	36
June 01, 2005	15	34	39	42	50	12
June 04, 2005	7	16	38	44	48	18
June 08, 2005	10	36	40	42	43	42
June 11, 2005	3	10	14	24	46	37
June 15, 2005	14	20	22	39	44	14
June 18, 2005	5	8	10	16	24	5
June 22, 2005	9	13	23	42	51	15
June 25, 2005	7	28	31	32	40	14
June 29, 2005	3	8	22	42	49	39
July 02, 2005	9	10	29	39	52	20
July 06, 2005	2	12	25	30	48	38
July 09, 2005	8	9	39	47	53	4
July 13, 2005	4	5	13	23	43	34
July 16, 2005	8	32	33	41	50	22
July 20, 2005	6	7	32	39	51	31
July 23, 2005	13	16	20	28	32	36
July 27, 2005	1	4	10	13	29	3
July 30, 2005	8	14	35	38	46	24
August 03, 2005	5	19	24	28	39	24
August 06, 2005	1	9	19	36	53	33
August 10, 2005	13	31	36	38	49	2
August 13, 2005	1	2	18	37	43	37
August 17, 2005	3	8	30	43	53	15
August 20, 2005	13	27	28	29	49	36
August 24, 2005	9	11	26	35	51	32
August 27, 2005	8	22	31	39	44	11
August 31, 2005	13	17	19	41	50	13
September 03, 2005	1	3	30	31	43	36
September 07, 2005	12	32	40	50	54	37
September 10, 2005	8	10	11	48	50	16
September 14, 2005	21	24	42	49	50	1
September 17, 2005	5	9	27	49	52	6
September 21, 2005	3	28	34	35	50	8
September 24, 2005	2	10	31	43	55	14
September 28, 2005	7	22	27	48	50	17
October 01, 2005	8	18	38	45	54	23
October 05, 2005	2	15	25	30	45	17
October 08, 2005	26	31	35	46	50	28
October 12, 2005	4	9	18	51	54	10
October 15, 2005	1	7	8	34	45	15
October 19, 2005	7	21	43	44	49	29
October 22, 2005	6	7	36	51	53	17
October 26, 2005	2	10	39	42	43	23
October 29, 2005	14	19	22	41	50	21
November 02, 2005	6	11	14	27	41	38
November 05, 2005	7	25	29	37	50	17
November 09, 2005	5	13	14	31	49	30
November 12, 2005	17	37	41	48	55	39
November 16, 2005	5	18	20	21	44	27
November 19, 2005	8	15	20	41	54	22
November 23, 2005	9	12	24	25	27	33
November 26, 2005	28	34	37	45	53	32
November 30, 2005	19	23	27	42	52	1
December 03, 2005	2	15	26	37	42	36
December 07, 2005	19	30	41	45	54	14
December 10, 2005	3	21	34	42	45	39
December 14, 2005	8	15	16	45	51	11
December 17, 2005	24	36	44	46	53	18
December 21, 2005	9	12	16	23	43	37
December 24, 2005	4	10	33	34	50	14
December 28, 2005	12	15	30	46	54	1
December 31, 2005	4	30	37	43	46	42
January 04, 2006	10	23	42	48	54	3
January 07, 2006	2	16	21	32	43	6
January 11, 2006	3	6	14	17	18	14
January 14, 2006	6	14	40	46	49	17
January 18, 2006	15	29	38	52	53	7
January 21, 2006	3	18	39	43	54	41
January 25, 2006	10	37	43	50	52	14
January 28, 2006	14	15	26	28	36	36
February 01, 2006	11	13	30	35	55	37
February 04, 2006	4	12	13	30	38	30
February 08, 2006	14	25	32	48	54	10
February 11, 2006	7	38	40	51	52	14
February 15, 2006	3	13	35	39	40	37
February 18, 2006	15	17	43	44	48	29
February 22, 2006	9	23	47	53	55	39
February 25, 2006	3	37	46	48	51	22
March 01, 2006	10	25	35	38	41	23
March 04, 2006	13	22	27	52	55	26
March 08, 2006	1	5	7	21	43	20
March 11, 2006	16	35	37	52	54	33
March 15, 2006	7	12	36	48	54	37
March 18, 2006	1	25	34	36	42	19
March 22, 2006	18	22	23	38	45	31
March 25, 2006	20	34	37	39	45	32
March 29, 2006	2	14	24	28	54	13
April 01, 2006	1	10	23	50	55	29
April 05, 2006	3	9	24	29	39	42
April 08, 2006	4	23	35	43	44	35
April 12, 2006	16	26	34	35	41	24
April 15, 2006	13	18	23	28	46	33
April 19, 2006	5	28	32	34	53	10
April 22, 2006	4	5	6	18	27	24
April 26, 2006	12	24	26	48	55	14
April 29, 2006	19	30	35	40	41	14
May 03, 2006	4	6	19	38	42	37
May 06, 2006	12	23	25	32	38	27
May 10, 2006	3	4	11	37	44	24
May 13, 2006	19	28	30	47	54	13
May 17, 2006	15	17	24	26	35	38
May 20, 2006	2	9	23	44	45	38
May 24, 2006	2	3	12	47	51	10
May 27, 2006	6	23	27	41	47	19
May 31, 2006	10	20	22	43	49	3
June 03, 2006	5	6	18	20	50	35
June 07, 2006	4	10	20	26	40	8
June 10, 2006	16	24	26	36	54	11
June 14, 2006	4	14	15	40	48	12
June 17, 2006	10	20	22	39	48	25
June 21, 2006	11	19	22	43	45	34
June 24, 2006	8	11	30	39	47	23
June 28, 2006	2	8	16	45	51	32
July 01, 2006	2	31	35	40	42	34
July 05, 2006	26	39	41	52	53	20
July 08, 2006	32	37	44	49	50	13
July 12, 2006	18	19	30	31	33	15
July 15, 2006	20	35	36	47	50	5
July 19, 2006	2	32	38	44	50	21
July 22, 2006	14	40	47	54	55	6
July 26, 2006	5	10	17	24	43	31
July 29, 2006	14	19	26	39	55	29
August 02, 2006	10	13	16	19	24	15
August 05, 2006	2	3	9	48	50	23
August 09, 2006	16	19	41	43	52	35
August 12, 2006	13	14	18	27	54	32
August 16, 2006	2	13	22	48	50	2
August 19, 2006	12	22	26	29	51	9
August 23, 2006	8	17	24	38	51	31
August 26, 2006	24	26	38	42	46	16
August 30, 2006	3	19	33	35	43	1
September 02, 2006	3	8	24	28	49	25
September 06, 2006	2	21	27	35	55	1
September 09, 2006	3	19	20	22	47	2
September 13, 2006	15	19	26	45	47	3
September 16, 2006	7	8	26	27	42	12
September 20, 2006	7	8	17	29	54	26
September 23, 2006	13	21	26	45	50	20
September 27, 2006	23	28	33	35	49	16
September 30, 2006	6	15	30	32	39	5
October 04, 2006	3	7	27	39	40	8
October 07, 2006	3	4	8	31	45	12
October 11, 2006	5	10	12	35	38	9
October 14, 2006	1	15	17	26	40	19
October 18, 2006	2	24	34	41	48	24
October 21, 2006	9	29	31	45	55	7
October 25, 2006	16	40	42	43	48	1
October 28, 2006	14	22	30	38	41	12
November 01, 2006	7	8	13	46	54	35
November 04, 2006	12	13	34	39	44	5
November 08, 2006	8	11	12	26	53	4
November 11, 2006	35	38	40	49	55	41
November 15, 2006	11	28	30	34	43	29
November 18, 2006	1	8	19	36	42	20
November 22, 2006	22	32	36	49	55	8
November 25, 2006	5	18	28	49	55	38
November 29, 2006	2	8	9	12	19	25
December 02, 2006	17	34	42	45	50	11
December 06, 2006	7	34	35	36	38	14
December 09, 2006	19	22	30	34	52	40
December 13, 2006	19	32	33	42	54	15
December 16, 2006	5	17	28	36	51	5
December 20, 2006	1	6	14	26	34	34
December 23, 2006	8	27	43	52	53	5
December 27, 2006	14	16	27	29	41	29
December 30, 2006	9	23	28	31	36	26
January 03, 2007	10	12	24	35	55	31
January 06, 2007	1	24	40	49	50	38
January 10, 2007	36	42	45	53	54	36
January 13, 2007	1	21	23	25	26	4
January 17, 2007	16	35	49	50	52	31
January 20, 2007	1	5	26	32	38	30
January 24, 2007	9	19	29	42	53	17
January 27, 2007	10	19	26	27	32	14
January 31, 2007	2	15	25	42	48	14
February 03, 2007	12	13	20	33	42	37
February 07, 2007	4	22	28	37	52	10
February 10, 2007	2	11	16	41	42	16
February 14, 2007	3	26	30	54	55	15
February 17, 2007	1	15	35	37	45	32
February 21, 2007	2	8	22	29	37	3
February 24, 2007	36	38	42	54	55	24
February 28, 2007	13	20	41	42	53	2
March 03, 2007	1	5	16	22	48	6
March 07, 2007	13	16	18	19	46	36
March 10, 2007	14	18	34	42	43	32
March 14, 2007	4	27	30	39	44	18
March 17, 2007	7	17	44	47	54	3
March 21, 2007	16	24	38	53	54	5
March 24, 2007	10	38	40	48	53	3
March 28, 2007	6	20	35	37	47	1
March 31, 2007	2	5	16	36	40	36
April 04, 2007	19	30	39	40	53	16
April 07, 2007	2	28	31	54	55	23
April 11, 2007	6	15	38	42	51	18
April 14, 2007	12	21	36	38	49	18
April 18, 2007	6	10	12	13	24	19
April 21, 2007	22	26	28	33	45	17
April 25, 2007	12	13	14	17	53	11
April 28, 2007	16	22	43	46	49	10
May 02, 2007	1	8	35	40	47	9
May 05, 2007	13	21	29	40	50	6
May 09, 2007	2	13	30	44	52	40
May 12, 2007	30	44	46	51	53	25
May 16, 2007	6	7	16	34	42	23
May 19, 2007	3	19	21	26	45	2
May 23, 2007	3	11	24	36	38	6
May 26, 2007	1	5	21	46	51	29
May 30, 2007	7	23	35	54	55	28
June 02, 2007	2	22	32	36	47	36
June 06, 2007	5	9	14	45	48	28
June 09, 2007	7	10	25	32	41	22
June 13, 2007	10	13	28	30	47	26
June 16, 2007	4	8	32	47	51	27
June 20, 2007	23	31	32	37	55	35
June 23, 2007	14	15	27	43	53	28
June 27, 2007	9	11	13	24	43	18
June 30, 2007	24	38	39	46	47	26
July 04, 2007	1	2	15	17	49	35
July 07, 2007	15	21	27	41	47	20
July 11, 2007	8	20	29	42	43	35
July 14, 2007	1	21	30	34	36	37
July 18, 2007	3	9	14	40	42	3
July 21, 2007	14	30	39	43	46	14
July 25, 2007	28	35	40	47	53	30
July 28, 2007	15	19	24	27	47	11
August 01, 2007	9	16	23	51	52	12
August 04, 2007	2	23	24	27	36	3
August 08, 2007	9	16	21	30	52	9
August 11, 2007	1	10	11	37	40	20
August 15, 2007	19	22	24	38	51	9
August 18, 2007	12	15	28	31	50	12
August 22, 2007	12	37	40	48	50	37
August 25, 2007	2	8	23	29	35	19
August 29, 2007	13	16	33	44	47	29
September 01, 2007	12	19	23	37	39	13
September 05, 2007	11	20	21	30	48	18
September 08, 2007	7	12	28	30	48	40
September 12, 2007	5	24	26	33	47	1
September 15, 2007	13	16	27	48	51	21
September 19, 2007	20	25	26	45	46	15
September 22, 2007	4	9	18	43	55	3
September 26, 2007	25	27	31	44	54	8
September 29, 2007	31	33	38	49	55	39
October 03, 2007	2	4	14	15	28	23
October 06, 2007	8	30	32	33	51	2
October 10, 2007	12	16	31	33	54	5
October 13, 2007	21	30	34	36	49	42
October 17, 2007	14	15	19	42	46	37
October 20, 2007	10	11	37	40	54	10
October 24, 2007	10	11	18	49	52	2
October 27, 2007	13	25	30	40	43	12
October 31, 2007	6	16	18	29	37	24
November 03, 2007	1	31	38	40	53	42
November 07, 2007	22	29	35	46	52	2
November 10, 2007	6	22	24	26	30	12
November 14, 2007	16	18	20	30	48	6
November 17, 2007	17	27	49	52	53	23
November 21, 2007	3	11	13	20	40	20
November 24, 2007	1	7	13	23	35	19
November 28, 2007	8	23	32	37	39	38
December 01, 2007	7	32	39	41	55	13
December 05, 2007	1	8	15	21	55	41
December 08, 2007	4	8	25	29	31	41
December 12, 2007	7	14	33	40	55	15
December 15, 2007	22	37	47	48	50	17
December 19, 2007	15	18	22	23	42	37
December 22, 2007	5	10	11	34	38	21
December 26, 2007	8	32	41	54	55	20
December 29, 2007	8	12	17	35	49	18
January 02, 2008	31	34	48	11	2	5
January 05, 2008	33	11	16	4	40	9
January 09, 2008	2	20	13	23	21	24
January 12, 2008	47	53	43	23	39	14
January 16, 2008	9	18	47	38	19	11
January 19, 2008	28	20	23	25	27	2
January 23, 2008	48	47	35	4	16	39
January 26, 2008	39	53	35	11	54	24
January 30, 2008	55	2	17	41	54	17
February 02, 2008	14	44	25	26	16	30
February 06, 2008	3	43	5	42	12	5
February 09, 2008	24	4	23	43	30	28
February 13, 2008	32	13	38	51	19	30
February 16, 2008	3	49	4	20	8	18
February 20, 2008	20	9	36	22	12	31
February 23, 2008	23	29	8	13	47	32
February 27, 2008	37	48	53	20	24	11
March 01, 2008	31	21	19	2	55	19
March 05, 2008	10	15	23	16	31	5
March 08, 2008	29	49	17	34	31	16
March 12, 2008	30	12	34	19	36	8
March 15, 2008	6	42	43	47	22	16
March 19, 2008	29	6	8	49	41	42
March 22, 2008	48	46	28	25	7	19
March 26, 2008	20	37	49	9	12	17
March 29, 2008	18	36	31	25	20	7
April 02, 2008	37	1	55	44	34	33
April 05, 2008	30	47	27	12	37	26
April 09, 2008	46	13	32	3	19	18
April 12, 2008	52	11	55	48	29	36
April 16, 2008	21	18	11	16	51	16
April 19, 2008	24	13	19	39	33	8
April 23, 2008	22	39	21	20	11	1
April 26, 2008	27	45	7	12	17	24
April 30, 2008	25	51	43	17	1	38
May 03, 2008	28	2	36	46	42	40
May 07, 2008	42	26	25	28	9	26
May 10, 2008	30	7	18	45	41	6
May 14, 2008	46	29	21	32	19	32
May 17, 2008	12	21	14	15	43	30
May 21, 2008	21	33	42	7	16	25
May 24, 2008	40	33	51	52	41	6
May 28, 2008	18	45	22	10	37	9
May 31, 2008	9	17	3	14	25	8
June 04, 2008	18	5	52	40	20	3
June 07, 2008	26	44	34	12	48	9
June 11, 2008	7	49	18	28	21	1
June 14, 2008	50	31	9	20	11	14
June 18, 2008	52	9	31	39	12	32
June 21, 2008	8	7	50	31	9	31
June 25, 2008	53	45	14	21	25	9
June 28, 2008	26	32	14	34	44	6
July 02, 2008	46	33	52	48	4	17
July 05, 2008	24	47	34	1	48	18
July 09, 2008	5	31	7	49	53	14
July 12, 2008	20	50	12	2	22	17
July 16, 2008	3	23	15	42	29	17
July 19, 2008	55	46	53	6	28	2
July 23, 2008	52	11	14	35	41	2
July 26, 2008	51	55	21	12	13	18
July 30, 2008	25	55	3	51	45	13
August 02, 2008	5	28	33	2	54	30
August 06, 2008	24	37	5	36	51	19
August 09, 2008	53	40	32	49	43	21
August 13, 2008	31	10	5	23	19	26
August 16, 2008	5	43	34	52	40	20
August 20, 2008	15	24	47	35	16	26
August 23, 2008	47	33	18	48	24	23
August 27, 2008	13	49	31	48	36	11
August 30, 2008	14	32	47	2	15	36
September 03, 2008	49	38	40	46	50	34
September 06, 2008	26	54	49	25	17	11
September 10, 2008	37	28	15	53	14	18
September 13, 2008	29	17	7	51	43	38
September 17, 2008	12	26	32	23	44	20
September 20, 2008	47	30	40	28	6	24
September 24, 2008	32	36	13	21	5	33
September 27, 2008	40	24	13	29	52	29
October 01, 2008	43	39	8	9	55	26
October 04, 2008	39	4	32	1	26	18
October 08, 2008	48	12	54	17	2	2
October 11, 2008	39	3	17	47	7	9
October 15, 2008	3	13	38	32	48	13
October 18, 2008	40	10	14	32	49	15
October 22, 2008	17	52	10	33	51	5
October 25, 2008	48	1	3	38	14	2
October 29, 2008	37	50	20	30	52	33
November 01, 2008	40	4	41	6	26	15
November 05, 2008	18	33	36	4	8	32
November 08, 2008	40	36	4	21	2	41
November 12, 2008	18	45	25	1	29	2
November 15, 2008	7	44	8	12	3	37
November 19, 2008	8	45	13	39	38	31
November 22, 2008	19	32	26	45	17	14
November 26, 2008	11	31	52	26	34	14
November 29, 2008	5	55	33	39	36	21
December 03, 2008	17	21	25	16	55	3
December 06, 2008	53	9	39	43	35	10
December 10, 2008	37	6	41	24	15	37
December 13, 2008	40	14	28	26	31	13
December 17, 2008	11	7	30	24	18	26
December 20, 2008	3	19	32	54	14	24
December 24, 2008	17	2	32	22	41	8
December 27, 2008	12	43	15	31	26	10
December 31, 2008	11	53	8	7	17	36
January 03, 2009	38	22	55	24	17	24
January 07, 2009	31	52	23	33	38	24
January 10, 2009	8	56	10	18	43	9
January 14, 2009	46	34	25	8	39	34
January 17, 2009	9	5	59	23	2	26
January 21, 2009	26	20	54	46	38	23
January 24, 2009	6	37	42	20	25	25
January 28, 2009	10	32	18	5	23	4
January 31, 2009	33	26	14	41	1	37
February 04, 2009	24	44	30	32	7	18
February 07, 2009	18	53	5	28	20	27
February 11, 2009	5	22	45	49	10	37
February 14, 2009	33	8	45	9	2	5
February 18, 2009	44	15	56	39	2	15
February 21, 2009	31	46	13	45	41	21
February 25, 2009	32	49	42	56	17	11
February 28, 2009	3	58	16	20	42	7
March 04, 2009	6	1	44	55	49	36
March 07, 2009	59	27	56	28	21	21
March 11, 2009	13	7	47	3	34	30
March 14, 2009	7	44	33	30	51	10
March 18, 2009	16	29	26	45	41	1
March 21, 2009	49	27	23	52	19	21
March 25, 2009	23	47	10	20	54	26
March 28, 2009	48	2	16	41	3	19
April 01, 2009	2	33	41	54	9	14
April 04, 2009	21	57	58	14	50	7
April 08, 2009	52	56	1	6	48	9
April 11, 2009	7	28	35	46	49	20
April 15, 2009	16	22	26	27	59	5
April 18, 2009	7	15	28	43	44	20
April 22, 2009	15	22	30	37	48	12
April 25, 2009	8	26	30	42	52	15
April 29, 2009	6	19	36	50	59	13
May 02, 2009	3	20	38	42	47	27
May 06, 2009	7	8	12	22	31	18
May 09, 2009	4	15	32	49	58	21
May 13, 2009	19	30	32	37	40	37
May 16, 2009	6	7	31	40	56	38
May 20, 2009	23	30	31	35	42	6
May 23, 2009	19	23	34	52	57	21
May 27, 2009	5	6	12	16	21	7
May 30, 2009	1	23	42	51	59	20
June 03, 2009	16	20	22	32	37	9
June 06, 2009	10	18	23	30	45	2
June 10, 2009	15	26	27	42	58	37
June 13, 2009	13	16	20	35	41	6
June 17, 2009	5	9	37	42	53	27
June 20, 2009	3	11	18	22	28	33
June 24, 2009	16	18	24	51	53	16
June 27, 2009	18	22	26	39	48	17
July 01, 2009	9	32	38	52	53	15
July 04, 2009	4	9	22	41	44	14
July 08, 2009	19	42	50	53	56	39
July 11, 2009	1	4	20	39	42	2
July 15, 2009	26	50	51	52	57	37
July 18, 2009	4	21	26	28	47	37
July 22, 2009	4	6	16	22	32	11
July 25, 2009	5	17	33	46	52	9
July 29, 2009	2	5	38	43	59	8
August 01, 2009	5	37	39	46	53	8
August 05, 2009	25	34	41	46	49	29
August 08, 2009	4	33	37	45	50	11
August 12, 2009	10	25	32	34	47	5
August 15, 2009	14	15	26	32	36	12
August 19, 2009	14	24	31	43	51	27
August 22, 2009	3	6	20	32	51	23
August 26, 2009	1	21	23	30	43	11
August 29, 2009	1	20	37	52	53	33
September 02, 2009	18	23	36	47	59	36
September 05, 2009	9	16	27	35	57	29
September 09, 2009	4	16	18	51	53	23
September 12, 2009	13	28	38	41	56	25
September 16, 2009	17	37	40	51	56	25
September 19, 2009	5	24	25	30	49	23
September 23, 2009	7	8	20	25	29	11
September 26, 2009	18	20	34	36	39	19
September 30, 2009	41	42	52	54	57	30
October 03, 2009	12	24	48	50	57	22
October 07, 2009	2	20	21	38	50	22
October 10, 2009	13	32	45	49	50	30
October 14, 2009	5	15	25	30	40	6
October 17, 2009	5	16	25	30	49	39
October 21, 2009	6	16	34	45	51	4
October 24, 2009	14	22	38	49	59	16
October 28, 2009	3	11	26	46	51	23
October 31, 2009	2	19	26	41	54	23
November 04, 2009	10	11	14	45	51	17
November 07, 2009	7	32	37	46	50	26
November 11, 2009	8	12	14	22	29	22
November 14, 2009	19	30	32	48	57	14
November 18, 2009	32	42	50	58	59	31
November 21, 2009	7	26	36	49	58	4
November 25, 2009	4	13	18	49	59	5
November 28, 2009	26	27	28	46	50	21
December 02, 2009	14	34	37	46	55	37
December 05, 2009	27	39	41	44	58	17
December 09, 2009	1	5	12	13	58	21
December 12, 2009	12	13	14	35	41	29
December 16, 2009	13	23	25	35	43	15
December 19, 2009	17	24	39	41	47	21
December 23, 2009	8	32	49	51	52	23
December 26, 2009	32	36	37	41	53	30
December 30, 2009	5	14	38	39	52	6
January 02, 2010	3	7	23	27	42	37
January 06, 2010	20	27	29	56	58	31
January 09, 2010	20	41	44	50	54	22
January 13, 2010	8	11	15	32	50	27
January 16, 2010	7	8	23	41	55	23
January 20, 2010	15	32	43	44	46	19
January 23, 2010	15	16	20	42	53	17
January 27, 2010	6	15	20	26	31	9
January 30, 2010	6	26	35	47	48	21
February 03, 2010	17	22	36	37	52	24
February 06, 2010	14	22	52	54	59	4
February 10, 2010	5	8	29	37	38	34
February 13, 2010	10	14	30	40	51	1
February 17, 2010	7	8	19	26	36	15
February 20, 2010	13	27	37	41	54	32
February 24, 2010	4	17	35	50	57	12
February 27, 2010	18	47	51	53	58	30
March 03, 2010	7	9	14	45	49	23
March 06, 2010	10	29	33	41	59	15
March 10, 2010	17	21	37	41	50	1
March 13, 2010	6	16	20	31	36	8
March 17, 2010	24	26	45	48	55	8
March 20, 2010	9	36	39	44	45	9
March 24, 2010	14	20	24	39	49	7
March 27, 2010	7	21	32	44	52	10
March 31, 2010	5	13	17	45	54	12
April 03, 2010	10	15	31	52	59	4
April 07, 2010	4	36	40	44	52	33
April 10, 2010	21	22	49	52	58	34
April 14, 2010	6	14	32	38	52	20
April 17, 2010	5	21	22	41	49	15
April 21, 2010	11	34	41	49	55	20
April 24, 2010	1	12	53	56	57	5
April 28, 2010	12	22	25	28	44	24
May 01, 2010	16	23	25	49	58	20
May 05, 2010	13	34	40	47	57	11
May 08, 2010	5	22	34	41	57	31
May 12, 2010	37	51	52	53	58	38
May 15, 2010	15	21	23	28	36	20
May 19, 2010	2	7	29	55	58	27
May 22, 2010	19	20	40	47	57	29
May 26, 2010	1	6	10	13	20	32
May 29, 2010	1	3	24	28	41	10
June 02, 2010	4	9	14	39	43	38
June 05, 2010	18	34	40	48	59	25
June 09, 2010	14	22	27	32	49	5
June 12, 2010	9	12	13	35	38	30
June 16, 2010	8	11	18	29	36	6
June 19, 2010	9	30	31	50	54	39
June 23, 2010	11	30	45	47	48	10
June 26, 2010	13	30	32	38	57	25
June 30, 2010	6	38	43	47	48	27
July 03, 2010	3	10	14	52	53	3
July 07, 2010	10	41	44	48	56	4
July 10, 2010	20	21	27	28	56	4
July 14, 2010	20	21	23	38	42	6
July 17, 2010	22	27	35	37	45	3
July 21, 2010	16	22	30	51	58	25
July 24, 2010	20	30	38	46	59	27
July 28, 2010	1	11	20	25	27	2
July 31, 2010	1	16	17	41	57	15
August 04, 2010	19	28	30	37	53	36
August 07, 2010	4	22	26	31	52	30
August 11, 2010	7	10	22	23	52	29
August 14, 2010	9	33	36	50	58	31
August 18, 2010	4	32	33	47	55	39
August 21, 2010	7	10	12	22	27	26
August 25, 2010	16	17	29	31	36	23
August 28, 2010	4	22	27	32	56	13
September 01, 2010	17	20	21	40	51	19
September 04, 2010	11	14	22	33	42	38
September 08, 2010	10	35	39	51	57	20
September 11, 2010	7	17	20	36	59	33
September 15, 2010	7	20	21	34	43	34
September 18, 2010	1	18	37	39	44	13
September 22, 2010	10	24	36	52	55	15
September 25, 2010	8	16	27	35	42	30
September 29, 2010	13	44	51	52	55	30
October 02, 2010	12	20	30	36	47	25
October 06, 2010	14	26	37	41	46	24
October 09, 2010	2	6	32	42	49	35
October 13, 2010	12	22	32	34	46	2
October 16, 2010	11	12	15	16	28	11
October 20, 2010	7	17	20	39	59	17
October 23, 2010	2	7	16	20	46	34
October 27, 2010	20	24	25	53	59	15
October 30, 2010	1	7	27	36	49	39
November 03, 2010	34	38	39	45	50	33
November 06, 2010	7	12	23	34	38	33
November 10, 2010	5	8	11	40	44	10
November 13, 2010	17	30	48	51	54	29
November 17, 2010	14	16	53	54	59	5
November 20, 2010	10	12	38	53	57	1
November 24, 2010	8	20	21	32	37	4
November 27, 2010	10	30	37	47	54	39
December 01, 2010	5	10	11	12	20	2
December 04, 2010	13	24	27	31	42	22
December 08, 2010	8	11	25	41	58	16
December 11, 2010	1	8	10	19	20	23
December 15, 2010	10	11	18	32	45	18
December 18, 2010	4	11	19	33	43	14
December 22, 2010	11	33	44	46	47	12
December 25, 2010	1	17	38	50	52	24
December 29, 2010	3	16	18	20	37	30
January 01, 2011	18	22	37	47	54	36
January 05, 2011	22	26	32	38	40	7
January 08, 2011	6	7	26	33	52	24
January 12, 2011	19	21	23	40	48	27
January 15, 2011	9	13	22	23	37	31
January 19, 2011	22	36	51	56	59	32
January 22, 2011	30	31	34	45	51	23
January 26, 2011	4	5	36	47	58	6
January 29, 2011	24	28	45	49	52	2
February 02, 2011	3	14	33	53	57	36
February 05, 2011	15	37	41	56	59	5
February 09, 2011	7	11	39	42	51	30
February 12, 2011	11	32	36	48	52	19
February 16, 2011	9	13	21	23	48	24
February 19, 2011	3	12	34	37	42	36
February 23, 2011	29	32	36	39	49	29
February 26, 2011	4	13	17	21	45	10
March 02, 2011	7	31	50	51	58	6
March 05, 2011	2	23	31	42	48	21
March 09, 2011	12	20	28	40	48	8
March 12, 2011	1	4	12	41	47	3
March 16, 2011	28	39	40	48	53	9
March 19, 2011	3	11	20	27	46	8
March 23, 2011	5	15	26	28	32	9
March 26, 2011	4	10	11	19	33	27
March 30, 2011	19	20	42	56	58	37
April 02, 2011	6	22	34	43	45	23
April 06, 2011	10	18	41	55	56	15
April 09, 2011	5	14	32	53	56	11
April 13, 2011	4	23	39	49	50	39
April 16, 2011	21	33	44	45	55	7
April 20, 2011	9	24	34	36	43	27
April 23, 2011	3	11	47	48	58	19
April 27, 2011	4	24	40	44	55	5
April 30, 2011	6	13	15	32	41	3
May 04, 2011	3	15	27	29	41	24
May 07, 2011	2	11	27	47	55	15
May 11, 2011	9	17	32	43	45	31
May 14, 2011	8	17	18	40	44	16
May 18, 2011	7	12	13	42	49	16
May 21, 2011	2	8	40	49	50	36
May 25, 2011	4	23	31	42	50	23
May 28, 2011	12	20	43	51	55	11
June 01, 2011	8	18	38	46	56	31
June 04, 2011	17	19	39	41	58	21
June 08, 2011	14	37	44	45	53	29
June 11, 2011	16	18	27	36	50	8
June 15, 2011	19	20	38	41	43	29
June 18, 2011	12	21	22	38	41	18
June 22, 2011	12	15	19	46	59	12
June 25, 2011	18	36	39	41	57	12
June 29, 2011	24	30	45	57	59	26
July 02, 2011	1	11	18	29	51	32
July 06, 2011	11	15	24	50	55	8
July 09, 2011	1	9	11	23	31	6
July 13, 2011	8	18	19	32	54	8
July 16, 2011	24	28	48	50	54	25
July 20, 2011	1	4	38	40	42	17
July 23, 2011	1	7	27	38	48	30
July 27, 2011	38	40	41	51	59	33
July 30, 2011	20	40	41	47	55	19
August 03, 2011	13	19	21	28	49	11
August 06, 2011	25	30	54	57	59	6
August 10, 2011	11	18	36	41	46	38
August 13, 2011	9	12	35	50	58	4
August 17, 2011	18	28	31	48	52	37
August 20, 2011	2	17	23	28	47	36
August 24, 2011	9	13	47	49	53	39
August 27, 2011	2	12	25	54	58	14
August 31, 2011	13	19	35	47	57	29
September 03, 2011	15	25	52	53	54	2
September 07, 2011	3	5	18	27	54	13
September 10, 2011	4	19	22	32	53	24
September 14, 2011	16	41	42	50	59	5
September 17, 2011	6	20	22	32	43	11
September 21, 2011	12	47	48	52	55	13
September 24, 2011	3	4	12	27	44	26
September 28, 2011	30	41	50	51	53	8
October 01, 2011	1	12	23	27	43	31
October 05, 2011	7	20	43	46	54	17
October 08, 2011	3	27	35	37	45	31
October 12, 2011	10	12	23	43	47	18
October 15, 2011	5	10	24	38	43	1
October 19, 2011	16	26	35	52	58	2
October 22, 2011	3	8	23	30	58	13
October 26, 2011	1	18	21	39	55	6
October 29, 2011	11	16	40	51	56	38
November 02, 2011	12	14	34	39	46	36
November 05, 2011	2	33	39	40	43	26
November 09, 2011	5	35	57	58	59	12
November 12, 2011	4	35	36	51	56	8
November 16, 2011	13	22	25	39	51	28
November 19, 2011	9	16	17	28	30	11
November 23, 2011	4	30	35	57	59	25
November 26, 2011	20	37	39	45	55	28
November 30, 2011	2	6	34	35	47	22
December 03, 2011	5	18	33	43	45	8
December 07, 2011	3	14	20	39	40	37
December 10, 2011	4	19	33	41	59	9
December 14, 2011	2	24	46	52	56	19
December 17, 2011	13	28	49	51	59	33
December 21, 2011	10	13	15	31	54	18
December 24, 2011	14	16	30	51	52	19
December 28, 2011	16	21	27	41	45	14
December 31, 2011	5	23	25	28	40	34
January 04, 2012	21	35	46	47	50	2
January 07, 2012	3	21	24	38	39	24
January 11, 2012	5	19	29	45	47	25
January 14, 2012	10	30	36	38	41	1
January 18, 2012	6	29	34	44	50	28
January 21, 2012	12	24	43	44	45	7
January 25, 2012	4	19	28	29	47	5
January 28, 2012	5	33	41	54	59	13
February 01, 2012	8	13	17	34	59	35
February 04, 2012	15	23	43	45	56	7
February 08, 2012	17	28	38	39	51	33
February 11, 2012	1	10	37	52	57	11
February 15, 2012	11	12	32	52	56	11
February 18, 2012	23	28	50	56	59	5
February 22, 2012	7	16	17	39	51	32
February 25, 2012	6	11	42	53	54	7
February 29, 2012	1	4	11	23	26	14
March 03, 2012	29	30	45	47	49	35
March 07, 2012	12	35	45	46	47	12
March 10, 2012	5	14	17	20	41	5
March 14, 2012	1	8	41	46	59	24
March 17, 2012	11	14	49	55	58	30
March 21, 2012	32	43	53	55	56	6
March 24, 2012	1	15	35	37	47	8
March 28, 2012	11	16	29	50	58	33
March 31, 2012	5	14	36	54	58	27
April 04, 2012	1	24	33	45	49	6
April 07, 2012	5	13	17	20	30	18
April 11, 2012	16	23	42	44	47	2
April 14, 2012	14	15	16	19	24	2
April 18, 2012	20	22	39	46	49	29
April 21, 2012	6	8	20	42	51	16
April 25, 2012	4	25	29	34	43	29
April 28, 2012	31	39	40	57	58	33
May 02, 2012	7	8	33	38	50	29
May 05, 2012	9	12	20	44	59	23
May 09, 2012	1	7	11	55	56	1
May 12, 2012	10	24	35	53	58	22
May 16, 2012	3	7	21	28	43	2
May 19, 2012	8	13	35	46	51	30
May 23, 2012	4	7	26	53	59	32
May 26, 2012	13	14	41	49	59	14
May 30, 2012	9	10	24	52	56	14
June 02, 2012	9	10	17	29	45	33
June 06, 2012	19	30	33	48	59	27
June 09, 2012	18	22	45	56	57	27
June 13, 2012	7	10	14	33	57	18
June 16, 2012	8	14	15	16	27	26
June 20, 2012	11	17	29	56	57	14
June 23, 2012	1	3	41	44	53	30
June 27, 2012	6	34	40	46	58	6
June 30, 2012	7	15	20	41	44	22
July 04, 2012	14	19	35	39	56	33
July 07, 2012	3	5	29	39	59	29
July 11, 2012	5	22	36	49	55	23
July 14, 2012	4	16	32	37	46	13
July 18, 2012	2	5	20	23	57	3
July 21, 2012	9	31	38	54	56	20
July 25, 2012	3	14	35	38	46	16
July 28, 2012	5	6	13	36	50	13
August 01, 2012	3	16	48	56	58	4
August 04, 2012	19	30	48	53	55	18
August 08, 2012	3	7	11	15	28	12
August 11, 2012	4	13	39	46	51	1
August 15, 2012	6	27	46	51	56	21
August 18, 2012	14	26	41	55	59	1
August 22, 2012	22	29	31	47	55	19
August 25, 2012	1	6	7	20	49	23
August 29, 2012	25	28	49	54	56	28
September 01, 2012	8	11	21	44	49	22
September 05, 2012	4	19	26	42	51	29
September 08, 2012	6	20	34	44	48	29
September 12, 2012	24	33	36	48	56	6
September 15, 2012	3	20	26	43	48	1
September 19, 2012	1	5	8	39	50	23
September 22, 2012	2	16	18	40	42	33
September 26, 2012	13	26	39	41	42	10
September 29, 2012	14	18	28	29	57	8
October 03, 2012	17	23	36	55	59	10
October 06, 2012	15	26	34	36	59	35
October 10, 2012	18	26	29	35	43	28
October 13, 2012	2	5	25	26	49	18
October 17, 2012	1	7	10	23	42	35
October 20, 2012	4	21	28	31	44	10
October 24, 2012	3	18	21	23	50	4
October 27, 2012	22	32	34	36	56	33
October 31, 2012	1	27	31	45	48	5
November 03, 2012	4	7	9	30	54	25
November 07, 2012	32	34	45	52	58	20
November 10, 2012	32	42	50	54	55	32
November 14, 2012	8	10	30	44	58	13
November 17, 2012	3	15	27	58	59	20
November 21, 2012	8	18	24	30	39	26
November 24, 2012	22	32	37	44	50	34
November 28, 2012	5	16	22	23	29	6
December 01, 2012	3	10	19	36	46	3
December 05, 2012	13	17	19	27	38	12
December 08, 2012	7	23	26	40	53	21
December 12, 2012	8	10	25	36	44	28
December 15, 2012	15	23	40	44	55	14
December 19, 2012	5	8	20	23	30	3
December 22, 2012	1	18	35	39	44	11
December 26, 2012	11	13	23	43	54	4
December 29, 2012	36	46	50	52	55	14
January 02, 2013	18	20	28	35	53	20
January 05, 2013	26	30	49	51	54	25
January 09, 2013	11	13	20	27	59	26
January 12, 2013	10	14	21	23	47	7
January 16, 2013	9	21	28	32	51	35
January 19, 2013	8	28	29	34	38	35
January 23, 2013	11	12	24	43	45	9
January 26, 2013	3	22	26	41	49	18
January 30, 2013	14	16	32	47	52	16
February 02, 2013	11	16	33	40	41	34
February 06, 2013	5	27	36	38	41	12
February 09, 2013	5	6	16	36	58	3
February 13, 2013	12	23	25	27	43	29
February 16, 2013	15	16	46	50	58	29
February 20, 2013	3	17	19	25	32	17
February 23, 2013	2	5	31	39	41	29
February 27, 2013	3	14	20	34	48	21
March 02, 2013	3	8	13	41	56	16
March 06, 2013	6	10	23	41	45	1
March 09, 2013	10	37	40	46	52	12
March 13, 2013	5	9	28	32	38	29
March 16, 2013	3	7	21	44	53	16
March 20, 2013	13	14	17	43	54	15
March 23, 2013	17	29	31	52	53	31
March 27, 2013	7	37	43	48	52	16
March 30, 2013	11	23	26	46	55	27
April 03, 2013	1	6	8	12	35	3
April 06, 2013	4	7	8	29	39	24
April 10, 2013	1	36	40	52	53	20
April 13, 2013	10	12	31	56	57	33
April 17, 2013	13	18	36	48	58	28
April 20, 2013	6	8	30	39	48	20
April 24, 2013	9	19	31	56	59	2
April 27, 2013	3	23	48	54	55	5
May 01, 2013	22	26	31	54	55	18
May 04, 2013	7	12	26	36	40	17
May 08, 2013	21	22	26	30	57	27
May 11, 2013	6	13	19	23	43	16
May 15, 2013	2	11	26	34	41	32
May 18, 2013	10	13	14	22	52	11
May 22, 2013	9	31	35	41	57	26
May 25, 2013	2	6	19	21	27	25
May 29, 2013	9	14	17	49	57	2
June 01, 2013	22	28	33	53	59	14
June 05, 2013	4	26	33	36	55	32
June 08, 2013	2	11	22	26	32	19
June 12, 2013	16	22	23	42	55	32
June 15, 2013	28	36	40	48	55	1
June 19, 2013	7	46	47	52	57	17
June 22, 2013	13	19	23	33	57	28
June 26, 2013	1	18	33	39	46	33
June 29, 2013	8	28	30	53	56	16
July 03, 2013	3	6	29	40	51	4
July 06, 2013	2	13	35	36	52	11
July 10, 2013	30	31	45	55	59	27
July 13, 2013	2	8	22	35	37	6
July 17, 2013	1	22	34	38	42	17
July 20, 2013	14	25	27	38	58	6
July 24, 2013	9	29	40	44	54	7
July 27, 2013	9	23	40	53	58	6
July 31, 2013	8	24	39	49	59	5
August 03, 2013	21	24	36	42	45	15
August 07, 2013	5	25	30	58	59	32
August 10, 2013	4	12	14	37	58	13
August 14, 2013	4	11	17	43	51	20
August 17, 2013	18	21	46	54	56	23
August 21, 2013	30	40	42	46	48	23
August 24, 2013	12	17	25	45	59	19
August 28, 2013	6	7	9	19	32	13
August 31, 2013	2	7	25	40	56	20
September 04, 2013	2	9	26	45	47	11
September 07, 2013	2	19	22	26	45	24
September 11, 2013	11	19	33	42	52	33
September 14, 2013	1	17	25	37	44	20
September 18, 2013	7	10	22	32	35	19
September 21, 2013	12	17	45	54	58	13
September 25, 2013	2	7	17	49	53	23
September 28, 2013	14	47	52	53	54	5
October 02, 2013	4	6	25	42	51	17
October 05, 2013	11	12	17	39	40	5
October 09, 2013	3	9	19	33	38	18
October 12, 2013	8	10	26	57	58	4
October 16, 2013	3	26	28	34	42	28
October 19, 2013	9	33	54	56	57	5
October 23, 2013	3	23	31	34	47	13
October 26, 2013	4	6	34	49	56	29
October 30, 2013	2	36	40	49	54	10
November 02, 2013	13	23	24	27	40	17
November 06, 2013	1	5	10	15	49	22
November 09, 2013	3	9	37	49	56	32
November 13, 2013	5	31	50	55	56	9
November 16, 2013	10	29	37	44	59	10
November 20, 2013	4	18	23	32	45	7
November 23, 2013	5	12	43	52	55	10
November 27, 2013	18	25	50	55	57	17
November 30, 2013	5	26	44	45	57	29
December 04, 2013	6	9	11	31	44	25
December 07, 2013	13	20	32	45	48	17
December 11, 2013	1	10	13	18	19	27
December 14, 2013	14	25	32	33	41	34
December 18, 2013	7	24	37	39	40	1
December 21, 2013	25	36	40	45	51	8
December 25, 2013	23	28	38	39	56	32
December 28, 2013	8	35	44	51	56	18
January 01, 2014	15	24	40	48	52	23
January 04, 2014	19	20	37	41	58	14
January 08, 2014	10	28	39	47	58	22
January 11, 2014	10	15	33	48	54	34
January 15, 2014	7	8	9	24	29	25
January 18, 2014	13	14	19	31	38	25
January 22, 2014	1	2	7	9	55	29
January 25, 2014	8	12	18	55	57	2
January 29, 2014	11	23	28	32	47	20
February 01, 2014	5	12	15	27	38	7
February 05, 2014	8	17	32	57	59	24
February 08, 2014	24	25	34	37	54	29
February 12, 2014	36	44	49	52	57	1
February 15, 2014	2	9	14	21	23	3
February 19, 2014	1	17	35	49	54	34
February 22, 2014	2	3	13	14	54	4
February 26, 2014	11	12	17	38	42	2
March 01, 2014	3	8	25	30	47	13
March 05, 2014	3	7	9	26	54	19
March 08, 2014	10	14	24	32	41	30
March 12, 2014	14	15	28	37	54	10
March 15, 2014	2	5	34	51	58	9
March 19, 2014	2	19	23	34	43	14
March 22, 2014	13	28	31	55	58	15
March 26, 2014	28	33	41	44	59	21
March 29, 2014	2	3	12	27	38	17
April 02, 2014	8	13	19	22	53	24
April 05, 2014	11	21	26	33	34	29
April 09, 2014	9	14	44	48	49	29
April 12, 2014	14	26	45	54	55	20
April 16, 2014	34	39	42	44	59	8
April 19, 2014	5	6	29	35	51	21
April 23, 2014	19	25	29	36	48	12
April 26, 2014	3	7	22	30	33	20
April 30, 2014	2	9	11	19	50	32
May 03, 2014	5	15	16	46	49	26
May 07, 2014	17	29	31	48	49	34
May 10, 2014	4	31	41	47	55	1
May 14, 2014	7	33	39	52	55	33
May 17, 2014	23	32	39	47	49	22
May 21, 2014	4	20	34	39	58	31
May 24, 2014	15	16	28	49	55	18
May 28, 2014	2	24	28	32	59	25
May 31, 2014	15	27	31	34	48	1
June 04, 2014	1	7	10	22	49	24
June 07, 2014	28	30	35	58	59	15
June 11, 2014	14	18	25	33	49	23
June 14, 2014	9	33	42	45	54	30
June 18, 2014	6	9	29	52	59	7
June 21, 2014	5	6	37	41	54	26
June 25, 2014	10	20	25	50	53	35
June 28, 2014	8	12	34	43	56	9
July 02, 2014	8	18	45	53	58	35
July 05, 2014	24	34	36	57	58	11
July 09, 2014	9	25	42	55	57	14
July 12, 2014	2	3	7	23	51	26
July 16, 2014	5	15	18	26	32	35
July 19, 2014	10	17	25	45	53	9
July 23, 2014	4	10	12	22	31	3
July 26, 2014	24	28	30	38	39	16
July 30, 2014	13	30	42	49	53	29
August 02, 2014	12	26	44	46	47	29
August 06, 2014	1	8	24	28	49	24
August 09, 2014	3	12	31	34	51	24
August 13, 2014	8	37	39	40	52	24
August 16, 2014	7	8	17	48	59	9
August 20, 2014	4	8	21	38	40	3
August 23, 2014	28	32	35	36	52	31
August 27, 2014	17	24	26	45	46	19
August 30, 2014	5	28	31	52	59	27
September 03, 2014	2	16	43	45	51	35
September 06, 2014	9	29	31	43	50	18
September 10, 2014	2	14	39	40	43	13
September 13, 2014	1	6	16	37	53	27
September 17, 2014	18	25	36	48	50	23
September 20, 2014	22	23	30	37	39	16
September 24, 2014	7	14	21	24	41	26
September 27, 2014	2	11	35	52	54	13
October 01, 2014	1	4	18	20	45	7
October 04, 2014	13	18	24	25	33	31
October 08, 2014	5	16	31	46	50	18
October 11, 2014	10	19	37	38	39	28
October 15, 2014	5	7	19	27	28	20
October 18, 2014	20	26	27	36	54	19
October 22, 2014	29	30	40	42	50	16
October 25, 2014	6	10	51	54	57	12
October 29, 2014	25	28	48	57	59	16
November 01, 2014	1	3	13	25	38	17
November 05, 2014	2	11	19	21	42	34
November 08, 2014	9	19	33	38	54	15
November 12, 2014	37	39	51	52	55	11
November 15, 2014	13	16	33	35	51	28
November 19, 2014	6	36	38	48	51	17
November 22, 2014	23	49	53	54	57	35
November 26, 2014	16	17	22	46	54	35
November 29, 2014	13	24	30	42	48	27
December 03, 2014	25	30	32	46	54	26
December 06, 2014	12	15	22	43	49	14
December 10, 2014	34	44	48	54	55	10
December 13, 2014	5	13	28	43	55	33
December 17, 2014	22	31	38	47	48	15
December 20, 2014	14	15	19	31	56	5
December 24, 2014	11	12	46	47	50	22
December 27, 2014	7	10	11	14	36	15
December 31, 2014	17	27	37	40	53	35
January 03, 2015	4	18	43	46	55	25
January 07, 2015	14	15	47	49	59	10
January 10, 2015	2	9	19	28	29	19
January 14, 2015	2	4	10	41	53	22
January 17, 2015	15	16	23	27	36	9
January 21, 2015	11	12	15	28	57	23
January 24, 2015	16	19	20	29	33	10
January 28, 2015	12	24	35	36	49	1
January 31, 2015	5	11	16	26	50	34
February 04, 2015	24	36	51	52	56	22
February 07, 2015	5	10	21	34	58	33
February 11, 2015	11	13	25	39	54	19
February 14, 2015	1	24	44	45	51	28
February 18, 2015	1	9	29	32	49	22
February 21, 2015	10	14	18	34	51	26
February 25, 2015	17	19	21	32	39	8
February 28, 2015	11	17	25	28	46	12
March 04, 2015	8	12	15	35	50	32
March 07, 2015	34	36	38	42	50	33
March 11, 2015	11	24	31	40	44	27
March 14, 2015	8	14	39	46	47	18
March 18, 2015	14	25	30	33	47	8
March 21, 2015	11	16	30	38	42	7
March 25, 2015	7	19	23	50	54	14
March 28, 2015	2	4	6	12	38	17
April 01, 2015	2	30	33	39	44	1
April 04, 2015	33	39	40	41	54	28
April 08, 2015	1	19	45	46	58	29
April 11, 2015	1	12	32	42	58	12
April 15, 2015	1	16	21	29	40	30
April 18, 2015	13	22	23	29	31	17
April 22, 2015	10	14	25	39	53	18
April 25, 2015	21	33	35	38	45	12
April 29, 2015	1	26	34	38	51	6
May 02, 2015	2	6	11	30	31	33
May 06, 2015	23	24	27	39	41	30
May 09, 2015	4	15	17	35	58	17
May 13, 2015	1	25	29	31	47	7
May 16, 2015	24	29	38	48	52	32
May 20, 2015	1	12	28	35	44	25
May 23, 2015	9	15	17	31	43	16
May 27, 2015	8	15	34	53	59	23
May 30, 2015	8	9	25	56	57	22
June 03, 2015	6	8	13	37	40	11
June 06, 2015	8	13	18	27	43	15
June 10, 2015	31	32	48	49	53	25
June 13, 2015	29	41	48	52	54	29
June 17, 2015	20	21	22	41	54	7
June 20, 2015	9	10	16	20	57	15
June 24, 2015	3	5	10	22	32	7
June 27, 2015	18	28	35	46	49	27
July 01, 2015	7	24	26	31	41	25
July 04, 2015	3	6	14	18	24	21
July 08, 2015	4	15	25	27	30	18
July 11, 2015	11	39	46	52	54	3
July 15, 2015	13	16	34	45	50	11
July 18, 2015	6	37	39	45	55	33
July 22, 2015	12	31	43	44	57	11
July 25, 2015	27	29	34	41	44	2
July 29, 2015	4	22	27	28	52	35
August 01, 2015	7	13	24	49	57	15
August 05, 2015	9	11	14	16	42	19
August 08, 2015	9	34	48	52	54	15
August 12, 2015	8	13	29	38	52	28
August 15, 2015	3	13	17	42	52	24
August 19, 2015	6	8	43	48	50	7
August 22, 2015	4	12	14	21	55	7
August 26, 2015	2	22	32	45	56	12
August 29, 2015	18	21	25	28	29	16
September 02, 2015	17	22	30	46	56	16
September 05, 2015	10	16	18	29	45	19
September 09, 2015	44	45	47	50	51	8
September 12, 2015	2	3	13	16	35	27
September 16, 2015	5	7	24	31	39	7
September 19, 2015	12	17	26	43	48	24
September 23, 2015	8	29	41	51	58	5
September 26, 2015	23	31	42	50	57	5
September 30, 2015	21	39	40	55	59	17
October 03, 2015	6	26	33	44	46	4
October 07, 2015	18	30	40	48	52	9
October 10, 2015	12	27	29	43	68	1
October 14, 2015	15	20	29	31	40	1
October 17, 2015	48	49	57	62	69	19
October 21, 2015	30	32	42	56	57	11
October 24, 2015	20	31	56	60	64	2
October 28, 2015	4	54	56	62	63	10
October 31, 2015	9	20	25	47	68	7
November 04, 2015	2	12	17	20	65	17
November 07, 2015	7	16	25	50	53	15
November 11, 2015	4	26	32	55	64	18
November 14, 2015	14	22	37	45	66	5
November 18, 2015	17	40	41	46	69	6
November 21, 2015	37	47	50	52	57	21
November 25, 2015	16	29	53	58	69	21
November 28, 2015	2	6	47	66	67	2
December 02, 2015	14	18	19	32	64	9
December 05, 2015	13	27	33	47	68	13
December 09, 2015	7	10	16	46	56	1
December 12, 2015	2	14	19	30	62	22
December 16, 2015	9	10	32	42	55	6
December 19, 2015	28	30	41	59	68	10
December 23, 2015	16	38	55	63	67	25
December 26, 2015	27	40	44	59	65	20
December 30, 2015	12	36	38	54	61	22
January 02, 2016	5	6	15	29	42	10
January 06, 2016	2	11	47	62	63	17
January 09, 2016	16	19	32	34	57	13
January 13, 2016	4	8	19	27	34	10
January 16, 2016	3	51	52	61	64	6
January 20, 2016	5	39	44	47	69	24
January 23, 2016	22	32	34	40	69	19
January 27, 2016	3	12	40	52	67	21
January 30, 2016	5	12	16	31	43	18
February 03, 2016	26	28	31	60	67	23
February 06, 2016	4	13	31	36	52	8
February 10, 2016	2	3	40	50	62	5
February 13, 2016	7	15	18	19	36	20
February 17, 2016	7	17	27	29	40	25
February 20, 2016	11	12	15	16	54	25
February 24, 2016	21	31	64	65	67	5
February 27, 2016	10	11	21	22	53	18
March 02, 2016	12	13	44	52	62	6
March 05, 2016	3	27	34	59	69	19
March 09, 2016	14	23	32	34	68	3
March 12, 2016	11	28	50	57	62	23
March 16, 2016	10	12	13	46	50	21
March 19, 2016	11	23	43	54	60	3
March 23, 2016	5	8	15	22	49	25
March 26, 2016	11	23	42	52	68	6
March 30, 2016	24	44	53	55	63	19
April 02, 2016	9	28	30	40	61	3
April 06, 2016	4	28	49	60	65	25
April 09, 2016	14	22	23	41	61	9
April 13, 2016	30	33	35	38	64	22
April 16, 2016	3	18	25	32	51	3
April 20, 2016	12	25	30	52	62	8
April 23, 2016	19	35	46	59	62	13
April 27, 2016	2	25	33	39	64	17
April 30, 2016	3	12	16	32	34	14
May 04, 2016	30	47	57	66	69	3
May 07, 2016	5	25	26	44	66	9
May 11, 2016	20	32	52	66	69	23
May 14, 2016	13	27	47	64	65	9
May 18, 2016	23	25	39	54	67	11
May 21, 2016	5	7	9	23	32	26
May 25, 2016	11	24	41	59	64	15
May 28, 2016	6	33	34	58	59	12
June 01, 2016	23	30	33	40	69	12
June 04, 2016	16	20	22	43	64	17
June 08, 2016	12	25	37	60	69	20
June 11, 2016	20	27	36	41	58	7
June 15, 2016	4	22	24	31	33	10
June 18, 2016	2	23	41	53	63	11
June 22, 2016	14	40	42	43	52	17
June 25, 2016	3	27	36	56	69	25
June 29, 2016	23	29	37	60	64	6
July 02, 2016	10	34	39	59	63	4
July 06, 2016	2	24	31	57	66	18
July 09, 2016	10	28	32	61	64	12
July 13, 2016	3	15	29	54	57	10
July 16, 2016	11	17	40	50	62	26
July 20, 2016	6	25	35	58	66	5
July 23, 2016	5	7	23	35	39	11
July 27, 2016	10	47	50	65	68	24
July 30, 2016	11	17	21	23	32	5
August 03, 2016	9	11	27	66	67	2
August 06, 2016	20	33	36	47	52	12
August 10, 2016	23	56	61	64	67	12
August 13, 2016	38	44	60	64	69	6
August 17, 2016	33	44	49	50	52	8
August 20, 2016	3	6	21	60	68	24
August 24, 2016	9	11	25	64	65	16
August 27, 2016	4	32	48	49	63	20
August 31, 2016	5	10	24	56	61	12
September 03, 2016	7	39	50	59	67	25
September 07, 2016	22	23	29	33	55	21
September 10, 2016	3	17	49	55	68	8
September 14, 2016	10	11	23	28	31	14
September 17, 2016	9	19	51	55	62	14
September 21, 2016	1	28	63	67	69	17
September 24, 2016	7	15	20	29	41	22
September 28, 2016	30	38	52	53	62	1
October 01, 2016	2	12	50	61	64	1
October 05, 2016	8	18	27	29	60	15
October 08, 2016	3	54	61	64	68	9
October 12, 2016	16	30	34	37	44	16
October 15, 2016	23	49	57	64	67	20
October 19, 2016	10	16	38	43	63	23
October 22, 2016	1	28	33	55	56	22
October 26, 2016	2	3	16	48	56	24
October 29, 2016	19	20	21	42	48	23
November 02, 2016	13	18	37	54	61	5
November 05, 2016	21	31	50	51	69	8
November 09, 2016	1	25	28	31	54	2
November 12, 2016	8	17	20	27	52	24
November 16, 2016	28	41	61	63	65	7
November 19, 2016	16	24	28	43	61	21
November 23, 2016	7	32	41	47	61	3
November 26, 2016	17	19	21	37	44	16
November 30, 2016	3	14	18	25	45	7
December 03, 2016	8	10	26	27	33	22
December 07, 2016	41	48	49	53	64	20
December 10, 2016	12	21	32	44	66	15
December 14, 2016	18	26	37	39	66	15
December 17, 2016	1	8	16	40	48	10
December 21, 2016	25	33	40	54	68	3
December 24, 2016	28	38	42	51	52	21
December 28, 2016	16	23	30	44	58	4
December 31, 2016	1	3	28	57	67	9
January 04, 2017	16	17	29	41	42	4
January 07, 2017	3	12	24	37	63	10
January 11, 2017	1	3	13	16	43	24
January 14, 2017	23	55	59	64	69	13
January 18, 2017	9	40	41	53	58	12
January 21, 2017	23	25	45	52	67	2
January 25, 2017	18	28	62	66	68	22
January 28, 2017	12	20	39	49	69	17
February 01, 2017	9	43	57	60	64	10
February 04, 2017	6	13	16	17	52	25
February 08, 2017	14	20	42	49	66	5
February 11, 2017	5	9	17	37	64	2
February 15, 2017	5	28	33	38	42	19
February 18, 2017	3	7	9	31	33	20
February 22, 2017	10	13	28	52	61	2
February 25, 2017	6	32	47	62	65	19
March 04, 2017	2	18	19	22	63	19
March 08, 2017	23	33	42	46	59	4
March 11, 2017	1	26	41	50	57	11
March 15, 2017	16	30	41	48	53	16
March 18, 2017	13	25	44	54	67	5
March 22, 2017	2	9	27	29	42	9
March 25, 2017	18	31	32	45	48	16
March 29, 2017	8	15	31	36	62	11
April 01, 2017	9	32	36	44	65	1
April 05, 2017	8	20	46	53	54	13
April 08, 2017	23	36	51	53	60	15
April 12, 2017	8	14	61	63	68	24
April 15, 2017	5	22	26	45	61	13
April 19, 2017	1	19	37	40	52	15
April 22, 2017	21	39	41	48	63	6
April 26, 2017	1	15	18	26	51	26
April 29, 2017	22	23	24	45	62	5
May 03, 2017	17	18	49	59	66	9
May 06, 2017	11	21	31	41	59	21
May 10, 2017	29	31	46	56	62	8
May 13, 2017	17	20	32	63	68	19
May 17, 2017	4	11	39	45	48	9
May 20, 2017	5	22	45	47	54	3
May 24, 2017	28	32	33	38	62	15
May 27, 2017	5	10	28	55	67	9
May 31, 2017	4	33	39	46	60	6
June 03, 2017	3	9	21	41	54	25
June 07, 2017	5	21	57	66	69	13
June 10, 2017	20	26	32	38	58	3
June 14, 2017	5	22	43	57	63	24
June 17, 2017	10	13	32	53	62	21
June 21, 2017	14	46	61	65	68	13
June 24, 2017	10	22	32	36	58	10
June 28, 2017	29	37	46	53	68	8
July 01, 2017	19	42	45	48	53	16
July 05, 2017	4	9	16	54	68	21
July 08, 2017	8	10	29	40	59	26
July 12, 2017	1	2	18	23	61	9
July 15, 2017	9	40	63	64	66	17
July 19, 2017	50	51	59	61	63	4
July 22, 2017	5	32	44	53	60	9
July 26, 2017	7	19	21	42	69	12
July 29, 2017	1	28	40	45	48	12
August 02, 2017	1	16	54	63	69	18
August 05, 2017	11	21	28	33	45	11
August 09, 2017	12	30	36	47	62	9
August 12, 2017	20	24	26	35	49	19
August 16, 2017	9	15	43	60	64	4
August 19, 2017	17	19	39	43	68	13
August 23, 2017	6	7	16	23	26	4
August 26, 2017	7	15	32	38	66	15
August 30, 2017	19	28	43	67	69	7
September 02, 2017	6	21	41	52	62	26
September 06, 2017	8	14	32	58	67	17
September 09, 2017	6	20	29	57	59	22
September 13, 2017	17	24	35	57	63	19
September 16, 2017	17	18	24	25	31	24
September 20, 2017	39	48	53	67	68	26
September 23, 2017	24	45	55	56	57	19
September 27, 2017	8	10	21	23	25	22
September 30, 2017	8	12	25	41	64	15
October 04, 2017	22	23	62	63	66	24
October 07, 2017	10	49	61	63	65	7
October 11, 2017	1	3	13	19	69	23
October 14, 2017	32	37	56	66	69	11
October 18, 2017	30	49	54	66	69	8
October 21, 2017	14	41	42	45	69	4
October 25, 2017	18	22	29	54	57	8
October 28, 2017	27	35	38	57	66	10
November 01, 2017	3	6	19	26	44	1
November 04, 2017	12	14	26	48	51	13
November 08, 2017	12	14	20	21	34	22
November 11, 2017	4	6	16	30	56	18
November 15, 2017	23	32	44	48	50	25
November 18, 2017	17	28	31	32	39	26
November 22, 2017	35	37	46	51	61	13
November 25, 2017	8	13	27	53	54	4
November 29, 2017	24	26	28	59	63	16
December 02, 2017	28	30	32	36	58	6
December 06, 2017	19	20	50	55	62	9
December 09, 2017	25	36	37	55	60	6
December 13, 2017	2	24	28	51	58	7
December 16, 2017	9	35	37	50	63	11
December 20, 2017	1	20	61	64	69	20
December 23, 2017	1	3	13	15	44	25
December 27, 2017	3	9	16	56	60	3
December 30, 2017	28	36	41	51	58	24
January 03, 2018	2	18	37	39	42	12
January 06, 2018	12	29	30	33	61	26
January 10, 2018	7	24	33	49	50	4
January 13, 2018	14	25	35	58	69	24
January 17, 2018	3	33	37	51	57	21
January 20, 2018	26	28	47	49	58	3
January 24, 2018	5	9	11	33	64	21
January 27, 2018	17	21	26	47	54	7
January 31, 2018	4	7	14	46	59	22
February 03, 2018	15	23	27	48	53	6
February 07, 2018	23	34	35	40	47	10
February 10, 2018	1	13	27	41	59	20
February 14, 2018	37	39	44	46	69	26
February 17, 2018	13	26	39	44	62	2
February 21, 2018	7	15	31	34	36	8
February 24, 2018	24	25	38	62	63	6
February 28, 2018	12	30	59	65	69	16
March 03, 2018	13	17	25	36	40	5
March 07, 2018	6	13	19	36	51	18
March 10, 2018	43	44	54	61	69	22
March 14, 2018	6	12	24	41	68	9
March 17, 2018	22	57	59	60	66	7
March 21, 2018	3	4	18	29	61	25
March 24, 2018	10	33	45	53	56	24
March 28, 2018	6	8	26	52	53	21
March 31, 2018	8	24	52	55	61	21
April 04, 2018	8	24	42	54	64	24
April 07, 2018	2	17	20	38	39	20
April 11, 2018	16	18	27	55	67	18
April 14, 2018	17	19	26	61	62	15
April 18, 2018	9	10	12	17	23	9
April 21, 2018	40	50	54	62	69	19
April 25, 2018	17	18	39	56	64	12
April 28, 2018	20	22	28	45	50	8
May 02, 2018	5	14	31	40	50	6
May 05, 2018	14	29	36	57	61	17
May 09, 2018	11	16	38	50	69	19
May 12, 2018	22	42	45	55	56	14
May 16, 2018	17	19	21	22	51	19
May 19, 2018	3	6	9	17	56	25
May 23, 2018	20	54	56	61	64	7
May 26, 2018	1	21	31	45	49	21
May 30, 2018	17	23	26	46	68	20
June 02, 2018	23	25	37	44	64	7
June 06, 2018	23	28	41	53	56	14
June 09, 2018	6	10	15	25	36	14
June 13, 2018	13	20	38	45	55	1
June 16, 2018	9	45	57	58	65	9
June 20, 2018	4	14	23	27	56	13
June 23, 2018	16	29	43	45	56	25
June 27, 2018	7	28	37	62	63	15
June 30, 2018	3	9	20	42	61	24
July 04, 2018	4	7	15	41	44	10
July 07, 2018	1	10	43	45	64	22
